|| emethod = "" || fmethod == "" || samp_freq == ""
JSON data format

{
    "data": "[0.7390000000000001, 0.752, 0.745, 0.725, 0.7120000000000001, 0.695, 0.667, 0.698, 0.73, 0.726, 0.7120000000000001, 0.728, 0.7290000000000001, 0.728, 0.713, 0.723, 0.735, 0.72, 0.708, 0.7170000000000001, 0.723, 0.713, 0.6829999999999999, 0.685, 0.6890000000000001, 0.703, 0.685, 0.6890000000000001, 0.705, 0.732, 0.75, 0.7340000000000001, 0.767, 0.772, 0.757, 0.723, 0.727, 0.732, 0.731, 0.7290000000000001, 0.747, 0.742, 0.731, 0.73, 0.735, 0.78, 0.774, 0.852, 0.9009999999999999, 0.884, 0.893, 0.894, 0.826, 0.79, 0.804, 0.825, 0.805, 0.878, 0.919, 0.875, 0.8440000000000001, 0.8240000000000001, 0.797, 0.765, 0.768, 0.792, 0.8170000000000001, 0.7929999999999999, 0.7659999999999999, 0.797, 0.797, 0.7709999999999999, 0.764, 0.789, 0.7879999999999999, 0.782, 0.767, 0.7609999999999999, 0.794, 0.809, 0.809, 0.804, 0.778, 0.757, 0.759, 0.782, 0.789, 0.799, 0.784, 0.768, 0.767, 0.784, 0.758, 0.78, 0.764, 0.768, 0.7709999999999999, 0.748, 0.763, 0.774, 0.799, 0.816, 0.8, 0.795, 0.825, 0.8390000000000001, 0.82, 0.821, 0.841, 0.8220000000000001, 0.7709999999999999, 0.752, 0.7490000000000001, 0.7609999999999999, 0.759, 0.752, 0.778, 0.785, 0.8079999999999999, 0.789, 0.764, 0.76, 0.7709999999999999, 0.745, 0.745, 0.764, 0.79, 0.784, 0.7490000000000001, 0.7290000000000001, 0.735, 0.7340000000000001, 0.736, 0.767, 0.7909999999999999, 0.841, 0.8109999999999999, 0.775, 0.7559999999999999, 0.723, 0.687, 0.6779999999999999, 0.682, 0.69, 0.703, 0.7240000000000001, 0.728, 0.71, 0.677, 0.71, 0.735, 0.747, 0.757, 0.765, 0.7559999999999999, 0.722, 0.716, 0.7240000000000001, 0.7170000000000001, 0.7340000000000001, 0.731, 0.746, 0.758, 0.765, 0.753, 0.743, 0.743, 0.759, 0.732, 0.733, 0.748, 0.7859999999999999, 0.8270000000000001, 0.831, 0.825, 0.802, 0.79, 0.7859999999999999, 0.7809999999999999, 0.826, 0.8170000000000001, 0.8320000000000001, 0.835, 0.828, 0.807, 0.782, 0.7859999999999999, 0.785, 0.7759999999999999, 0.738, 0.753, 0.746, 0.8109999999999999, 0.841, 0.78, 0.7290000000000001, 0.713, 0.71, 0.7290000000000001, 0.757, 0.77, 0.7340000000000001, 0.7290000000000001, 0.713, 0.7140000000000001, 0.725, 0.713, 0.688, 0.6579999999999999, 0.654, 0.652, 0.669, 0.7759999999999999, 0.7929999999999999, 0.83, 0.8540000000000001, 0.825, 0.81, 0.775, 0.782, 0.753, 0.775, 0.8, 0.7859999999999999, 0.773, 0.773, 0.784, 0.8270000000000001, 0.785, 0.735, 0.708, 0.708, 0.733, 0.7759999999999999, 0.762, 0.7390000000000001, 0.725, 0.765, 0.789, 0.799, 0.8059999999999999, 0.799, 0.772, 0.738, 0.7020000000000001, 0.6859999999999999, 0.677, 0.715, 0.745, 0.795, 0.826, 0.875, 0.8809999999999999, 0.875, 0.852, 0.7879999999999999, 0.718, 0.6829999999999999, 0.6729999999999999, 0.698, 0.767, 0.809, 0.866, 0.871, 0.8640000000000001, 0.8320000000000001, 0.8009999999999999, 0.754, 0.721, 0.6729999999999999, 0.6609999999999999, 0.6629999999999999, 0.6920000000000001, 0.794, 0.845, 0.87, 0.871, 0.852, 0.8320000000000001, 0.8029999999999999, 0.764, 0.7340000000000001, 0.713, 0.672, 0.67, 0.6809999999999999, 0.72, 0.743, 0.8270000000000001, 0.838, 0.8390000000000001, 0.8190000000000001, 0.787, 0.748, 0.7070000000000001, 0.672, 0.643, 0.643, 0.655, 0.6970000000000001, 0.805, 0.851, 0.875, 0.887, 0.892, 0.8320000000000001, 0.746, 0.7040000000000001, 0.6970000000000001, 0.6890000000000001, 0.71, 0.713, 0.754, 0.77, 0.7829999999999999, 0.778, 0.73, 0.733, 0.718, 0.6809999999999999, 0.6729999999999999, 0.677, 0.664, 0.6629999999999999, 0.6659999999999999, 0.675, 0.691, 0.67, 0.672, 0.708, 0.745, 0.8, 0.8270000000000001, 0.8009999999999999, 0.816, 0.818, 0.799, 0.748, 0.755, 0.752, 0.7829999999999999, 0.759, 0.75, 0.78, 0.779, 0.7709999999999999, 0.743, 0.747, 0.7490000000000001, 0.758, 0.738, 0.74, 0.754, 0.763, 0.747, 0.7240000000000001, 0.716, 0.721, 0.748, 0.732, 0.7170000000000001, 0.745, 0.76, 0.784, 0.74, 0.721, 0.726, 0.7390000000000001, 0.743, 0.7170000000000001, 0.7, 0.706, 0.752, 0.853, 0.84, 0.828, 0.8420000000000001, 0.856, 0.794, 0.746, 0.762, 0.762, 0.7390000000000001, 0.711, 0.7120000000000001, 0.728, 0.758, 0.758, 0.7859999999999999, 0.805, 0.8140000000000001, 0.7609999999999999, 0.7609999999999999, 0.757, 0.7490000000000001, 0.716, 0.696, 0.706, 0.7170000000000001, 0.733, 0.716, 0.7340000000000001, 0.78, 0.84, 0.778, 0.745, 0.752, 0.7659999999999999, 0.753, 0.726, 0.738, 0.7390000000000001, 0.753, 0.731, 0.726, 0.7709999999999999, 0.8079999999999999, 0.8370000000000001, 0.7609999999999999, 0.742, 0.73, 0.72, 0.6970000000000001, 0.695, 0.7440000000000001, 0.78, 0.836, 0.805, 0.813, 0.818, 0.792, 0.743, 0.7090000000000001, 0.725, 0.753, 0.7909999999999999, 0.804, 0.843, 0.833, 0.773, 0.7240000000000001, 0.6990000000000001, 0.68, 0.6659999999999999, 0.6779999999999999, 0.695, 0.703, 0.7, 0.665, 0.6579999999999999, 0.6729999999999999, 0.6679999999999999, 0.677, 0.7, 0.711, 0.711, 0.701, 0.6779999999999999, 0.6890000000000001, 0.7090000000000001, 0.7290000000000001, 0.77, 0.748]",
    "key": "1",
    "rri": {
        "low": "0.65",
        "high": "0.90"
    },
    "emethod": "malik",
    "fmethod": "welch",
    "samp_freq": "4",
    "vlf_band": {
        "low": "0.003",
        "high": "0.04"
    },
    "lf_band": {
        "low": "0.04",
        "high": "0.15"
    },
    "hf_band": {
        "low": "0.15",
        "high": "0.4"
    }   
}


